SetConsoleOutputFilename >> '167'
coc 1aintro
Position_Introhouse,167,0.8,450.19,-132.86,0.57,0.00,-0.00,256.03,1.00
Position_Introhouse,167,1.0,450.19,-132.86,0.66,0.00,-0.00,256.03,1.00
Position_Introhouse,167,1.2,450.19,-132.86,0.74,0.00,-0.00,256.03,1.00
Quest,167,21.98, AAAPaulDia, 10
Quest,167,21.98, AAAPaulDia, Started
Dialogue,167,53.39,1,AAAPaul,Where am I?.
Dialogue,167,76.98,2,AAAPaul,My supplies ran out while I was crossing the desert.  What's your name?.
Dialogue,167,102.19,3,AAAPaul,Wow, I didn't know anyone could grow potatoes after the war.  Where can I find your parents?
Position_Introhouse,167,115.6,450.19,-132.86,0.74,14.74,-0.00,266.14,1.00
Position_Introhouse,167,115.8,450.19,-132.86,0.74,14.74,-0.00,266.14,1.00
Position_Introhouse,167,116.0,450.19,-132.86,0.74,14.74,-0.00,266.14,1.00
Position_Introhouse,167,116.2,450.19,-132.86,0.74,14.74,-0.00,266.14,1.00
Position_Introhouse,167,116.4,450.19,-132.86,0.74,14.74,-0.00,266.14,1.00
Position_Introhouse,167,116.6,450.19,-132.86,0.74,14.74,-0.00,266.14,1.00
Position_Introhouse,167,116.8,450.19,-132.86,0.74,14.74,-0.00,266.14,1.00
Position_Introhouse,167,117.0,450.19,-132.86,0.74,14.74,-0.00,266.14,1.00
Position_Introhouse,167,117.2,450.19,-132.86,0.74,14.74,-0.00,266.14,1.00
Position_Introhouse,167,117.4,450.19,-132.86,0.74,14.74,-0.00,266.14,1.00
Position_Introhouse,167,117.6,450.19,-132.86,0.74,14.74,-0.00,266.14,1.00
Position_Introhouse,167,117.8,450.19,-132.86,0.74,14.74,-0.00,266.14,1.00
Position_Introhouse,167,118.0,450.19,-132.86,0.74,14.74,-0.00,266.14,1.00
Position_Introhouse,167,118.2,450.19,-132.86,0.74,14.74,-0.00,266.14,1.00
Position_Introhouse,167,118.4,450.19,-132.86,0.74,14.74,-0.00,266.14,1.00
Position_Introhouse,167,118.6,450.19,-132.86,0.74,14.74,-0.00,266.14,1.00
Position_Introhouse,167,118.8,450.19,-132.86,0.74,14.74,-0.00,266.14,1.00
Position_Introhouse,167,119.0,442.06,-133.41,0.75,14.74,-0.00,266.14,1.00
Position_Introhouse,167,127.0,397.33,-136.43,0.80,19.07,-0.00,275.40,1.00
Position_Introhouse,167,127.2,397.33,-136.43,0.85,19.07,-0.00,276.22,1.00
Position_Introhouse,167,127.4,397.33,-136.43,0.88,19.07,-0.00,276.22,1.00
Position_Introhouse,167,127.6,397.33,-136.43,0.91,18.45,-0.00,269.22,1.00
Position_Introhouse,167,127.8,397.33,-136.43,0.94,18.45,-0.00,237.93,1.00
Position_Introhouse,167,128.0,397.33,-136.43,0.96,17.01,-0.00,262.43,1.00
Position_Introhouse,167,128.2,397.33,-136.43,0.98,6.51,-0.00,252.75,1.00
Position_Introhouse,167,128.4,397.33,-136.43,0.99,12.07,-0.00,233.20,1.00
Position_Introhouse,167,128.6,397.33,-136.43,1.00,22.57,-0.00,245.96,1.00
Position_Introhouse,167,128.8,397.33,-136.43,1.01,21.95,-0.00,251.11,1.00
Position_Introhouse,167,129.0,397.33,-136.43,1.02,18.04,-0.00,246.37,1.00
Position_Introhouse,167,129.2,397.33,-136.43,1.02,18.04,-0.00,245.96,1.00
Position_Introhouse,167,129.4,397.33,-136.43,1.03,18.04,-0.00,245.96,1.00
Position_Introhouse,167,129.6,397.33,-136.43,1.03,17.42,-0.00,243.49,1.00
Position_Introhouse,167,129.8,397.33,-136.43,1.04,17.42,-0.00,243.49,1.00
Position_Introhouse,167,130.0,411.80,-164.50,1.04,18.45,-0.00,242.46,1.00
Position_Introhouse,167,130.2,458.63,-165.27,1.04,21.33,-0.00,244.11,1.00
Position_Introhouse,167,130.4,481.65,-165.27,1.04,22.36,-0.00,256.25,1.00
Position_Introhouse,167,130.6,484.21,-165.27,1.05,15.36,-0.00,252.34,1.00
Position_Introhouse,167,130.8,484.21,-165.27,1.05,12.48,-0.00,250.70,1.00
Position_Introhouse,167,131.0,400.08,-165.27,1.05,14.33,-0.00,255.22,1.00
Position_Introhouse,167,131.2,362.52,-167.63,1.05,15.36,-0.00,256.87,1.00
Position_Introhouse,167,131.4,362.52,-167.63,1.05,18.24,-0.00,260.99,1.00
Position_Introhouse,167,131.6,303.86,-181.77,1.05,18.45,-0.00,261.61,1.00
Position_Introhouse,167,131.8,237.17,-194.68,1.05,18.66,-0.00,261.20,1.00
Position_Introhouse,167,132.0,237.17,-194.68,1.05,21.95,-0.00,265.11,1.00
Position_Introhouse,167,132.2,237.17,-194.68,1.05,26.69,-0.00,270.67,1.00
Position_Introhouse,167,132.4,237.17,-194.68,1.05,26.69,-0.00,270.67,1.00
Position_Introhouse,167,132.6,237.17,-194.68,1.05,26.69,-0.00,270.67,1.00
Position_Introhouse,167,132.8,237.17,-194.68,1.05,26.69,-0.00,270.67,1.00
Position_Introhouse,167,133.0,237.17,-194.68,1.05,26.69,-0.00,270.67,1.00
Position_Introhouse,167,133.2,237.17,-194.68,1.05,26.69,-0.00,270.67,1.00
Position_Introhouse,167,133.4,237.17,-194.68,1.05,26.69,-0.00,270.67,1.00
Position_Introhouse,167,133.6,237.17,-194.68,1.05,26.69,-0.00,270.67,1.00
Position_Introhouse,167,133.8,237.17,-194.68,1.05,26.69,-0.00,270.67,1.00
Position_Introhouse,167,134.0,237.17,-194.68,1.05,26.69,-0.00,270.67,1.00
Position_Introhouse,167,134.2,237.17,-194.68,1.05,32.24,-0.00,267.99,1.00
Position_Introhouse,167,134.4,237.17,-194.68,1.05,32.24,-0.00,267.99,1.00
Position_Introhouse,167,134.6,237.17,-194.68,1.05,32.24,-0.00,267.99,1.00
Position_Introhouse,167,134.8,237.17,-194.68,1.05,48.51,-0.00,278.08,1.00
Position_Introhouse,167,135.0,237.17,-194.68,1.05,54.69,-0.00,279.11,1.00
Position_Introhouse,167,135.2,237.17,-194.68,1.05,45.21,-0.00,278.70,1.00
Position_Introhouse,167,135.4,237.17,-194.68,1.05,58.80,-0.00,279.93,1.00
Position_Introhouse,167,135.6,237.17,-194.68,1.05,60.86,-0.00,279.93,1.00
Position_Introhouse,167,135.8,237.17,-194.68,1.05,60.86,-0.00,279.93,1.00
Position_Introhouse,167,136.0,237.17,-194.68,1.05,60.86,-0.00,279.93,1.00
Position_Introhouse,167,136.2,237.17,-194.68,1.05,60.86,-0.00,279.93,1.00
Position_Introhouse,167,136.4,237.17,-194.68,1.05,60.86,-0.00,279.93,1.00
Position_Introhouse,167,136.6,237.17,-194.68,1.05,60.86,-0.00,279.93,1.00
Position_Introhouse,167,136.8,237.17,-194.68,1.05,60.86,-0.00,279.93,1.00
Position_Introhouse,167,137.0,237.17,-194.68,1.05,60.86,-0.00,279.93,1.00
Position_Introhouse,167,137.2,237.17,-194.68,1.05,60.86,-0.00,279.93,1.00
Position_Introhouse,167,137.4,237.17,-194.68,1.05,60.86,-0.00,279.93,1.00
ObjectOnActivate,Clothes,137.4
Position_Introhouse,167,137.6,237.17,-194.68,1.05,60.86,-0.00,279.93,1.00
Position_Introhouse,167,137.8,237.17,-194.68,1.05,60.86,-0.00,279.93,1.00
Position_Introhouse,167,138.0,237.17,-194.68,1.05,60.86,-0.00,279.93,1.00
Position_Introhouse,167,138.2,237.17,-194.68,1.05,60.86,-0.00,279.93,1.00
Position_Introhouse,167,138.4,237.17,-194.68,1.05,60.86,-0.00,279.93,1.00
Position_Introhouse,167,138.6,237.17,-194.68,1.05,60.86,-0.00,279.93,1.00
Position_Introhouse,167,138.8,237.17,-194.68,1.05,60.66,-0.00,279.93,1.00
Position_Introhouse,167,139.0,237.17,-194.68,1.05,57.77,-0.00,279.93,1.00
Position_Introhouse,167,139.2,237.17,-194.68,1.05,55.92,-0.00,279.93,1.00
Position_Introhouse,167,139.4,237.17,-194.68,1.05,40.27,-0.00,280.75,1.00
InteractionInterior,Introhouse,167,Couch,139.4,237.169,-194.682,1.048
Position_Introhouse,167,139.6,252.93,-189.55,0.74,42.54,-0.00,270.26,1.00
Position_Introhouse,167,139.8,253.06,-188.45,0.76,42.54,-0.00,270.26,1.00
Position_Introhouse,167,140.0,253.40,-185.73,0.81,42.54,-0.00,270.26,1.00
Position_Introhouse,167,140.2,252.93,-189.55,0.74,40.00,-0.00,270.26,1.00
Position_Introhouse,167,140.4,252.93,-189.55,0.74,40.00,-0.00,270.26,1.00
Position_Introhouse,167,140.6,252.93,-189.55,0.74,40.00,-0.00,270.26,1.00
Position_Introhouse,167,140.8,249.86,-191.23,0.74,40.00,-0.00,270.26,1.00
Position_Introhouse,167,141.0,243.48,-194.19,0.74,40.00,-0.00,270.26,1.00
Position_Introhouse,167,141.2,235.41,-191.19,0.74,40.00,-0.00,270.26,1.00
Position_Introhouse,167,141.4,226.45,-185.80,0.74,40.00,-0.00,270.26,1.00
Position_Introhouse,167,141.6,216.24,-184.02,0.74,40.00,-0.00,270.26,1.00
Position_Introhouse,167,141.8,205.67,-186.55,0.74,40.00,-0.00,270.26,1.00
Position_Introhouse,167,142.0,197.57,-188.80,0.74,40.00,-0.00,270.26,1.00
Position_Introhouse,167,142.2,197.50,-189.40,0.74,40.00,-0.00,270.26,1.00
Position_Introhouse,167,142.4,197.51,-189.32,0.74,40.00,-0.00,270.26,1.00
Position_Introhouse,167,142.6,197.51,-189.32,0.74,40.00,-0.00,90.26,1.00
Position_Introhouse,167,142.8,197.51,-189.32,0.74,40.00,-0.00,90.26,1.00
Position_Introhouse,167,143.0,197.51,-189.32,0.74,40.00,-0.00,90.26,1.00
Position_Introhouse,167,143.2,197.51,-189.32,0.74,20.03,-0.00,90.26,1.00
Position_Introhouse,167,143.4,197.51,-189.32,0.74,16.74,-0.00,90.26,1.00
Position_Introhouse,167,143.6,197.51,-189.32,0.74,17.35,-0.00,90.26,1.00
Position_Introhouse,167,143.8,197.51,-189.32,0.74,17.15,-0.00,90.26,1.00
Position_Introhouse,167,144.0,197.51,-189.32,0.74,17.15,-0.00,90.26,1.00
Position_Introhouse,167,144.2,197.51,-189.32,0.74,17.15,-0.00,90.26,1.00
Position_Introhouse,167,144.4,197.51,-189.32,0.74,17.15,-0.00,90.26,1.00
Position_Introhouse,167,144.6,197.51,-189.32,0.74,17.15,-0.00,90.26,1.00
InteractionNPC,Introhouse,167,Paul,144.6,197.505,-189.321,0.737
Quest,167,165.40, AAAPaulDia, 10
Quest,167,165.40, AAAPaulDia, Started
Dialogue,167,184.80,5,AAAPaul,Who are you?
Dialogue,167,198.19,6,AAAPaul,Mayor?  So this is a town?
Dialogue,167,221.00,7,AAAPaul,I'll have to thank your parents for helping me then.  Where are they?
Dialogue,167,225.99,8,AAAPaul,Has a cousin who had allergies.  He died.
Dialogue,167,238.19,9,AAAPaul,Took a bite out of his sandwitch and just dropped dead.  Might have been radiation poisoning.
Position_Introhouse,167,250.0,197.51,-189.32,0.74,-1.31,-0.00,90.26,1.00
Position_Introhouse,167,250.2,197.51,-189.32,0.74,-1.31,-0.00,90.26,1.00
Position_Introhouse,167,250.4,197.51,-189.32,0.74,1.57,-0.00,90.26,1.00
Position_Introhouse,167,250.6,197.51,-189.32,0.74,13.93,-0.00,90.26,1.00
Position_Introhouse,167,250.8,197.51,-189.32,0.74,7.54,-0.00,90.26,1.00
Position_Introhouse,167,251.0,197.51,-189.32,0.74,4.25,-0.00,90.26,1.00
Position_Introhouse,167,251.2,197.51,-189.32,0.74,13.10,-0.00,90.26,1.00
Position_Introhouse,167,251.4,197.51,-189.32,0.74,10.63,-0.00,90.26,1.00
Position_Introhouse,167,251.6,197.51,-189.32,0.74,6.93,-0.00,90.26,1.00
InteractionInterior,Introhouse,167,Couch,251.6,197.505,-189.321,0.737
Position_Introhouse,167,251.8,197.47,-189.31,0.74,6.93,-0.00,270.26,1.00
Position_Introhouse,167,252.0,198.00,-189.29,0.74,6.93,-0.00,270.26,1.00
Position_Introhouse,167,252.2,202.39,-189.37,0.74,6.93,-0.00,270.26,1.00
Position_Introhouse,167,252.4,213.07,-191.22,0.74,6.93,-0.00,270.26,1.00
Position_Introhouse,167,252.6,227.72,-190.86,0.74,6.93,-0.00,270.26,1.00
Position_Introhouse,167,252.8,239.34,-187.89,0.74,6.93,-0.00,270.26,1.00
Position_Introhouse,167,253.0,252.31,-188.38,0.74,6.93,-0.00,270.26,1.00
Position_Introhouse,167,253.2,252.89,-189.50,0.74,6.93,-0.00,270.26,1.00
Position_Introhouse,167,253.4,252.91,-189.52,0.74,6.93,-0.00,90.26,1.00
Position_Introhouse,167,253.6,252.91,-189.52,0.74,6.93,-0.00,90.26,1.00
Position_Introhouse,167,253.8,252.91,-189.52,0.74,6.93,-0.00,90.26,1.00
Position_Introhouse,167,254.0,252.91,-189.52,0.74,6.93,-0.00,90.26,1.00
Position_Introhouse,167,254.2,252.91,-189.52,0.74,11.46,-0.00,73.18,1.00
Position_Introhouse,167,254.4,252.91,-189.52,0.74,17.22,-0.00,58.56,1.00
Position_Introhouse,167,254.6,252.91,-189.52,0.74,17.01,-0.00,52.18,1.00
Position_Introhouse,167,254.8,252.91,-189.52,0.74,18.04,-0.00,75.44,1.00
Position_Introhouse,167,255.0,252.91,-189.52,0.74,12.48,-0.00,67.82,1.00
Position_Introhouse,167,255.2,252.91,-189.52,0.74,12.07,-0.00,63.50,1.00
Position_Introhouse,167,255.4,339.97,-163.37,0.80,12.90,-0.00,67.82,1.00
Position_Introhouse,167,255.6,425.91,-137.06,0.85,13.93,-0.00,77.91,1.00
Position_Introhouse,167,255.8,448.86,-132.42,0.88,15.16,-0.00,81.21,1.00
Position_Introhouse,167,259.0,480.31,-129.61,0.90,19.07,-0.00,86.56,1.00
Position_Introhouse,167,259.2,480.31,-129.61,0.90,19.90,-0.00,91.29,1.00
Position_Introhouse,167,259.4,480.31,-129.61,0.90,19.69,-0.00,90.06,1.00
Position_Introhouse,167,259.6,480.31,-129.61,0.90,31.01,-0.00,41.88,1.00
Position_Introhouse,167,259.8,480.31,-129.61,0.90,32.66,-0.00,18.41,1.00
Position_Introhouse,167,260.0,480.31,-129.61,0.90,20.51,-0.00,359.47,1.00
Position_Introhouse,167,260.2,479.20,-113.85,0.90,15.37,-0.00,355.97,1.00
Position_Introhouse,167,260.4,472.16,-10.67,0.93,15.37,-0.00,356.18,1.00
Position_Introhouse,167,260.6,470.69,11.32,0.95,15.37,-0.00,356.18,1.00
Position_Introhouse,167,260.8,467.69,87.87,0.97,20.72,-0.00,359.26,1.00
Position_Introhouse,167,261.0,467.65,95.52,0.98,39.66,-0.00,0.91,1.00
Position_Introhouse,167,261.2,467.65,95.52,1.00,45.43,-0.00,359.06,1.00
Position_Introhouse,167,261.4,467.65,95.52,1.01,35.34,-0.00,359.26,1.00
Position_Introhouse,167,261.6,467.65,95.52,1.01,37.81,-0.00,357.62,1.00
Position_Introhouse,167,261.8,467.65,95.52,1.02,38.01,-0.00,357.62,1.00
Position_Introhouse,167,262.0,467.65,95.52,1.03,38.01,-0.00,357.62,1.00
Position_Introhouse,167,262.2,467.65,95.52,1.03,38.01,-0.00,357.62,1.00
Position_Introhouse,167,262.4,467.65,95.52,1.03,38.01,-0.00,357.62,1.00
Position_Introhouse,167,262.6,467.65,95.52,1.04,38.01,-0.00,357.62,1.00
Position_Introhouse,167,262.8,467.65,95.52,1.04,38.01,-0.00,357.62,1.00
Position_Introhouse,167,263.0,467.65,95.52,1.04,38.01,-0.00,357.62,1.00
Position_Introhouse,167,263.2,467.65,95.52,1.04,38.01,-0.00,357.62,1.00
Position_Introhouse,167,263.4,467.65,95.52,1.04,35.13,-0.00,346.09,1.00
Position_Introhouse,167,263.6,467.65,95.52,1.05,34.72,-0.00,346.09,1.00
Position_Introhouse,167,263.8,467.65,95.52,1.05,32.66,-0.00,340.73,1.00
Position_Introhouse,167,264.0,467.65,95.52,1.05,13.51,-0.00,317.88,1.00
Position_Introhouse,167,264.2,467.65,95.52,1.05,17.01,-0.00,323.44,1.00
Position_Introhouse,167,264.4,467.65,95.52,1.05,10.63,-0.00,310.26,1.00
Position_Introhouse,167,264.6,423.55,131.86,1.05,10.43,-0.00,310.47,1.00
Position_Introhouse,167,264.8,378.31,176.65,1.05,12.28,-0.00,316.44,1.00
Position_Introhouse,167,265.0,378.16,176.82,1.05,12.48,-0.00,317.47,1.00
Position_Introhouse,167,265.2,325.86,236.67,1.05,12.28,-0.00,319.32,1.00
Position_Introhouse,167,265.4,325.86,236.67,1.05,12.28,-0.00,319.32,1.00
Position_Introhouse,167,265.6,325.86,236.67,1.05,12.28,-0.00,319.32,1.00
Position_Introhouse,167,265.8,325.86,236.67,1.05,12.28,-0.00,319.32,1.00
Position_Introhouse,167,266.0,325.86,236.67,1.05,12.28,-0.00,319.32,1.00
Position_Introhouse,167,266.2,325.86,236.67,1.05,12.28,-0.00,319.32,1.00
Position_Introhouse,167,266.4,325.86,236.67,1.05,12.28,-0.00,319.32,1.00
Position_Introhouse,167,266.6,325.86,236.67,1.05,12.28,-0.00,319.32,1.00
Position_Introhouse,167,266.8,325.86,236.67,1.05,12.28,-0.00,319.32,1.00
Position_Introhouse,167,267.0,325.86,236.67,1.05,12.28,-0.00,319.32,1.00
Position_Introhouse,167,267.2,325.86,236.67,1.05,12.28,-0.00,319.32,1.00
Position_Introhouse,167,267.4,325.86,236.67,1.05,12.28,-0.00,319.32,1.00
Position_Introhouse,167,267.6,325.86,236.67,1.05,12.28,-0.00,319.12,1.00
InteractionObject,Introhouse,167,Pre-War Book,267.6,325.861,236.667,1.049
Position_Introhouse,167,267.8,325.86,236.67,1.05,12.28,-0.00,319.12,1.00
Position_Introhouse,167,268.0,325.86,236.67,1.05,12.28,-0.00,319.12,1.00
Position_Introhouse,167,268.2,325.86,236.67,1.05,12.28,-0.00,319.12,1.00
Position_Introhouse,167,268.4,325.86,236.67,1.05,12.28,-0.00,319.12,1.00
Position_Introhouse,167,268.6,325.86,236.67,1.05,12.28,-0.00,319.12,1.00
Position_Introhouse,167,268.8,325.86,236.67,1.05,12.28,-0.00,319.12,1.00
Position_Introhouse,167,269.0,325.86,236.67,1.05,12.28,-0.00,319.12,1.00
Position_Introhouse,167,269.2,325.86,236.67,1.05,23.40,-0.00,319.73,1.00
Position_Introhouse,167,269.4,325.86,236.67,1.05,35.34,-0.00,320.15,1.00
Position_Introhouse,167,269.6,325.86,236.67,1.05,30.19,-0.00,320.15,1.00
Position_Introhouse,167,269.8,325.86,236.67,1.05,21.34,-0.00,319.53,1.00
Position_Introhouse,167,270.0,325.86,236.67,1.05,21.13,-0.00,319.53,1.00
Position_Introhouse,167,270.2,325.86,236.67,1.05,21.13,-0.00,319.53,1.00
Position_Introhouse,167,270.4,325.86,236.67,1.05,21.13,-0.00,319.53,1.00
Position_Introhouse,167,270.6,325.86,236.67,1.05,21.13,-0.00,319.53,1.00
Position_Introhouse,167,270.8,325.86,236.67,1.05,21.13,-0.00,319.53,1.00
Position_Introhouse,167,271.0,325.86,236.67,1.05,25.25,-0.00,319.12,1.00
Position_Introhouse,167,271.2,325.86,236.67,1.05,44.19,-0.00,315.62,1.00
Position_Introhouse,167,271.4,325.86,236.67,1.05,50.98,-0.00,308.41,1.00
Position_Introhouse,167,271.6,325.86,236.67,1.05,60.25,-0.00,302.44,1.00
Position_Introhouse,167,271.8,325.86,236.67,1.05,60.87,-0.00,309.65,1.00
Position_Introhouse,167,272.0,325.86,236.67,1.05,60.87,-0.00,309.23,1.00
Position_Introhouse,167,272.2,325.86,236.67,1.05,60.66,-0.00,309.23,1.00
Position_Introhouse,167,272.4,325.86,236.67,1.05,60.25,-0.00,309.03,1.00
Position_Introhouse,167,272.6,325.86,236.67,1.05,60.25,-0.00,309.03,1.00
Position_Introhouse,167,272.8,325.86,236.67,1.05,60.25,-0.00,309.03,1.00
Position_Introhouse,167,273.0,325.86,236.67,1.05,60.25,-0.00,309.03,1.00
InteractionObject,Introhouse,167,Pre-War Book,273.0,325.861,236.667,1.049
Position_Introhouse,167,273.2,325.86,236.67,1.05,60.25,-0.00,309.03,1.00
Position_Introhouse,167,273.4,325.86,236.67,1.05,60.25,-0.00,309.03,1.00
Position_Introhouse,167,273.6,325.86,236.67,1.05,60.25,-0.00,309.03,1.00
Position_Introhouse,167,273.8,325.86,236.67,1.05,60.66,-0.00,308.82,1.00
Position_Introhouse,167,274.0,325.86,236.67,1.05,73.84,-0.00,306.97,1.00
Position_Introhouse,167,274.2,325.86,236.67,1.05,73.43,-0.00,308.21,1.00
Position_Introhouse,167,274.4,325.86,236.67,1.05,72.40,-0.00,308.21,1.00
Position_Introhouse,167,274.6,325.86,236.67,1.05,72.19,-0.00,308.21,1.00
Position_Introhouse,167,274.8,325.86,236.67,1.05,72.19,-0.00,308.21,1.00
Position_Introhouse,167,275.0,325.86,236.67,1.05,72.19,-0.00,308.21,1.00
Position_Introhouse,167,275.2,325.86,236.67,1.05,64.16,-0.00,286.59,1.00
Position_Introhouse,167,275.4,325.86,236.67,1.05,58.40,-0.00,279.18,1.00
Position_Introhouse,167,275.6,325.86,236.67,1.05,51.19,-0.00,276.50,1.00
Position_Introhouse,167,275.8,325.86,236.67,1.05,50.98,-0.00,268.47,1.00
Position_Introhouse,167,276.0,325.86,236.67,1.05,52.22,-0.00,267.23,1.00
Position_Introhouse,167,276.2,325.86,236.67,1.05,51.81,-0.00,265.38,1.00
Position_Introhouse,167,276.4,325.86,236.67,1.05,51.81,-0.00,265.38,1.00
Position_Introhouse,167,276.6,325.86,236.67,1.05,51.81,-0.00,265.38,1.00
Position_Introhouse,167,276.8,325.86,236.67,1.05,51.81,-0.00,265.38,1.00
Position_Introhouse,167,277.0,325.86,236.67,1.05,51.81,-0.00,265.38,1.00
Position_Introhouse,167,277.2,325.86,236.67,1.05,51.81,-0.00,265.38,1.00
Position_Introhouse,167,277.4,325.86,236.67,1.05,51.81,-0.00,269.91,1.00
Position_Introhouse,167,277.6,325.86,236.67,1.05,49.75,-0.00,270.32,1.00
Position_Introhouse,167,277.8,325.86,236.67,1.05,30.81,-0.00,277.53,1.00
Position_Introhouse,167,278.0,325.86,236.67,1.05,34.72,-0.00,279.38,1.00
Position_Introhouse,167,278.2,325.86,236.67,1.05,39.87,-0.00,277.94,1.00
Position_Introhouse,167,278.4,325.86,236.67,1.05,37.60,-0.00,276.91,1.00
Position_Introhouse,167,278.6,325.86,236.67,1.05,37.60,-0.00,276.91,1.00
Position_Introhouse,167,278.8,325.86,236.67,1.05,37.60,-0.00,276.91,1.00
Position_Introhouse,167,279.0,325.86,236.67,1.05,37.60,-0.00,276.91,1.00
Position_Introhouse,167,279.2,310.18,238.57,1.05,37.60,-0.00,276.91,1.00
Position_Introhouse,167,279.4,238.87,247.21,1.05,37.60,-0.00,276.91,1.00
Position_Introhouse,167,279.6,238.87,247.21,1.05,37.60,-0.00,276.91,1.00
Position_Introhouse,167,279.8,231.27,248.20,1.05,39.46,-0.00,277.53,1.00
Position_Introhouse,167,280.0,231.27,248.20,1.05,60.25,-0.00,280.20,1.00
Position_Introhouse,167,280.2,231.27,248.20,1.05,61.07,-0.00,274.65,1.00
Position_Introhouse,167,280.4,231.27,248.20,1.05,60.87,-0.00,275.06,1.00
Position_Introhouse,167,280.6,231.27,248.20,1.05,60.87,-0.00,275.06,1.00
Position_Introhouse,167,280.8,231.27,248.20,1.05,60.87,-0.00,275.06,1.00
Position_Introhouse,167,281.0,231.27,248.20,1.05,60.87,-0.00,275.06,1.00
Position_Introhouse,167,281.2,231.27,248.20,1.05,60.87,-0.00,275.06,1.00
Position_Introhouse,167,281.4,231.27,248.20,1.05,60.87,-0.00,275.06,1.00
Position_Introhouse,167,281.6,231.27,248.20,1.05,60.87,-0.00,274.44,1.00
Position_Introhouse,167,281.8,231.27,248.20,1.05,60.87,-0.00,274.03,1.00
Position_Introhouse,167,282.0,231.27,248.20,1.05,60.87,-0.00,274.03,1.00
Position_Introhouse,167,282.2,231.27,248.20,1.05,53.66,-0.00,271.97,1.00
Position_Introhouse,167,282.4,231.27,248.20,1.05,61.69,-0.00,254.06,1.00
Position_Introhouse,167,282.6,231.27,248.20,1.05,58.40,-0.00,248.29,1.00
Position_Introhouse,167,282.8,231.27,248.20,1.05,55.51,-0.00,243.35,1.00
Position_Introhouse,167,283.0,231.27,248.20,1.05,55.51,-0.00,242.12,1.00
Position_Introhouse,167,283.2,231.27,248.20,1.05,55.51,-0.00,242.12,1.00
Position_Introhouse,167,283.4,231.27,248.20,1.05,55.51,-0.00,243.56,1.00
Position_Introhouse,167,283.6,231.27,248.20,1.05,52.84,-0.00,303.26,1.00
Position_Introhouse,167,283.8,231.27,248.20,1.05,39.66,-0.00,304.70,1.00
Position_Introhouse,167,284.0,231.27,248.20,1.05,32.87,-0.00,326.94,1.00
Position_Introhouse,167,284.2,231.27,248.20,1.05,35.34,-0.00,348.56,1.00
Position_Introhouse,167,284.4,231.27,248.20,1.05,35.54,-0.00,352.68,1.00
Position_Introhouse,167,284.6,231.27,248.20,1.05,32.46,-0.00,359.26,1.00
Position_Introhouse,167,284.8,231.27,248.20,1.05,38.43,-0.00,20.88,1.00
Position_Introhouse,167,285.0,231.27,248.20,1.05,48.72,-0.00,19.03,1.00
Position_Introhouse,167,285.2,231.27,248.20,1.05,46.66,-0.00,21.91,1.00
Position_Introhouse,167,285.4,231.27,248.20,1.05,42.96,-0.00,22.73,1.00
Position_Introhouse,167,285.6,231.27,248.20,1.05,36.98,-0.00,22.12,1.00
Position_Introhouse,167,285.8,231.27,248.20,1.05,4.25,-0.00,38.38,1.00
Position_Introhouse,167,286.0,231.27,248.20,1.05,1.37,-0.00,37.35,1.00
Position_Introhouse,167,286.2,231.27,248.20,1.05,0.75,-0.00,32.82,1.00
Position_Introhouse,167,286.4,231.27,248.20,1.05,-4.40,-0.00,8.73,1.00
Position_Introhouse,167,286.6,231.27,248.20,1.05,-2.34,-0.00,16.76,1.00
Position_Introhouse,167,286.8,231.27,248.20,1.05,-2.54,-0.00,17.18,1.00
Position_Introhouse,167,287.0,231.27,248.20,1.05,-2.54,-0.00,17.18,1.00
Position_Introhouse,167,287.2,231.27,248.20,1.05,-2.54,-0.00,17.18,1.00
Position_Introhouse,167,287.4,231.27,248.20,1.05,-2.54,-0.00,17.18,1.00
InteractionContainer,Introhouse,167,Desk,287.4,231.265,248.202,1.049
Position_Introhouse,167,297.0,231.27,248.20,1.05,-2.54,-0.00,17.18,1.00
Position_Introhouse,167,297.2,231.27,248.20,1.05,-3.16,-0.00,17.38,1.00
Position_Introhouse,167,297.4,231.27,248.20,1.05,-3.16,-0.00,17.38,1.00
Position_Introhouse,167,297.6,231.27,248.20,1.05,2.40,-0.00,63.09,1.00
Position_Introhouse,167,297.8,231.27,248.20,1.05,6.72,-0.00,80.38,1.00
Position_Introhouse,167,298.0,231.27,248.20,1.05,8.37,-0.00,92.32,1.00
Position_Introhouse,167,298.2,231.27,248.20,1.05,8.37,-0.00,92.32,1.00
Position_Introhouse,167,298.4,231.27,248.20,1.05,4.46,-0.00,76.47,1.00
